443 6 6
0.274277 0.127012 -0.153386 -0.170503 -0.0196053 0.092531 
-0.355239 0.963779 -3.25609 -0.741733 0.913173 -3.17784 
0.25791 0.109263 -0.123317 -0.164676 -0.0324466 0.0994818 
-0.355277 0.962655 -3.25408 -0.741345 0.913145 -3.18151 
0.247885 0.102574 -0.108249 -0.164539 -0.0220556 0.104349 
-0.357245 0.964041 -3.2538 -0.740515 0.91223 -3.18206 
0.241701 0.0994639 -0.100244 -0.155058 -0.0187812 0.107116 
-0.358275 0.964334 -3.25195 -0.739534 0.910784 -3.17981 
0.238608 0.097909 -0.0962415 -0.150318 -0.017144 0.1085 
-0.35879 0.964481 -3.25102 -0.739044 0.910061 -3.17869 
0.252797 0.0669668 -0.0848067 -0.147697 -0.00503314 0.113198 
-0.359189 0.964332 -3.24877 -0.73939 0.909324 -3.178 
0.259892 0.0514957 -0.0790894 -0.146387 0.00102222 0.115547 
-0.359388 0.964257 -3.24764 -0.739563 0.908956 -3.17766 
0.207445 0.0122519 -0.0164394 -0.148384 0.0105175 0.122675 
-0.360141 0.96399 -3.24986 -0.743259 0.913352 -3.18429 
0.181222 -0.00737011 0.0148854 -0.149382 0.0152652 0.12624 
-0.360517 0.963857 -3.25096 -0.745108 0.91555 -3.18761 
0.170617 -0.0161123 0.0277271 -0.148164 0.0158365 0.129242 
-0.362241 0.965251 -3.25187 -0.746325 0.915705 -3.18716 
0.162775 -0.0183675 0.0327241 -0.131747 -0.0106852 0.131656 
-0.363351 0.964378 -3.25197 -0.748652 0.917055 -3.18719 
0.136299 -0.0805448 0.0568681 -0.136893 0.00809687 0.143333 
-0.362542 0.964581 -3.25093 -0.750421 0.916903 -3.19059 
0.12368 -0.118116 0.0711207 -0.13818 0.0131586 0.150275 
-0.364428 0.964414 -3.2496 -0.750823 0.916599 -3.19084 
0.11581 -0.131941 0.0803666 -0.130252 -0.00743675 0.149115 
-0.364704 0.963715 -3.24703 -0.752622 0.917038 -3.19137 
0.111995 -0.136532 0.0844738 -0.125592 -0.0200817 0.148477 
-0.364515 0.96417 -3.24653 -0.752785 0.916452 -3.19294 
0.109863 -0.143626 0.0895717 -0.122711 -0.0249236 0.149223 
-0.364799 0.961405 -3.24557 -0.751075 0.918048 -3.19191 
0.10109 -0.159591 0.100818 -0.126644 -0.0270297 0.154251 
-0.366474 0.961021 -3.24533 -0.749105 0.920188 -3.18964 
0.100139 -0.148781 0.108401 -0.136387 -0.027695 0.159506 
-0.369239 0.963574 -3.24587 -0.745363 0.928576 -3.1834 
0.0996637 -0.143376 0.112193 -0.141258 -0.0280277 0.162134 
-0.370622 0.964851 -3.24614 -0.743492 0.93277 -3.18027 
0.104482 -0.126069 0.117068 -0.145132 -0.0432149 0.165054 
-0.372106 0.96929 -3.24297 -0.743491 0.933796 -3.15973 
0.106891 -0.117415 0.119506 -0.147068 -0.0508084 0.166515 
-0.372848 0.971509 -3.24138 -0.743491 0.934309 -3.14946 
0.124088 -0.0851681 0.109662 -0.15184 -0.0453588 0.164708 
-0.373791 0.973158 -3.24102 -0.746811 0.929551 -3.13915 
0.107158 -0.0857608 0.119074 -0.159625 -0.0343859 0.168607 
-0.374737 0.975832 -3.24205 -0.751594 0.922272 -3.12147 
0.0944089 -0.103353 0.144246 -0.170887 -0.0430634 0.188104 
-0.374854 0.976568 -3.23944 -0.760599 0.91723 -3.10877 
0.0885062 -0.108763 0.157207 -0.159426 -0.0722858 0.188218 
-0.375749 0.976401 -3.2418 -0.771827 0.910849 -3.10558 
0.0877631 -0.105832 0.164382 -0.158487 -0.0978578 0.185613 
-0.379749 0.968867 -3.24636 -0.779505 0.867932 -3.08337 
0.0873915 -0.104367 0.16797 -0.158018 -0.110644 0.184311 
-0.381749 0.9651 -3.24864 -0.783344 0.846473 -3.07227 
0.0820736 -0.117673 0.202017 -0.155856 -0.10863 0.183367 
-0.39041 0.942071 -3.2551 -0.791413 0.804909 -3.05456 
0.0794146 -0.124327 0.21904 -0.154776 -0.107624 0.182896 
-0.39474 0.930556 -3.25834 -0.795447 0.784126 -3.0457 
0.0764309 -0.137617 0.236614 -0.16661 -0.1089 0.165544 
-0.401181 0.903477 -3.2695 -0.802292 0.706028 -3.03039 
0.0749391 -0.144262 0.2454 -0.172527 -0.109538 0.156868 
-0.404401 0.889937 -3.27509 -0.805714 0.666978 -3.02273 
0.0784823 -0.135862 0.246254 -0.187796 -0.0829318 0.150217 
-0.407618 0.867735 -3.27883 -0.810143 0.648341 -3.03075 
0.0960373 -0.105954 0.231826 -0.184624 -0.0588897 0.131412 
-0.412215 0.836767 -3.28577 -0.816324 0.620123 -3.05868 
0.104815 -0.0909993 0.224612 -0.183037 -0.0468687 0.12201 
-0.414514 0.821283 -3.28924 -0.819414 0.606014 -3.07264 
0.100809 -0.10897 0.226864 -0.174673 -0.0620939 0.0923018 
-0.419773 0.790775 -3.29375 -0.822646 0.5548 -3.11454 
0.0988058 -0.117955 0.227991 -0.17049 -0.0697065 0.0774481 
-0.422402 0.775521 -3.296 -0.824262 0.529192 -3.13548 
0.0977151 -0.122217 0.231574 -0.167994 -0.0763112 0.0680926 
-0.424163 0.759557 -3.29272 -0.82645 0.513959 -3.17025 
0.0971698 -0.124348 0.233365 -0.166746 -0.0796136 0.0634146 
-0.425043 0.751575 -3.29107 -0.827544 0.506342 -3.18764 
0.0831911 -0.116353 0.230621 -0.188669 -0.0564362 0.0489235 
-0.425598 0.731821 -3.2837 -0.830261 0.508092 -3.24502 
0.0764538 -0.113602 0.231459 -0.182306 -0.0709133 0.0363567 
-0.425708 0.717202 -3.27882 -0.838105 0.506246 -3.30142 
0.072462 -0.134448 0.234198 -0.181484 -0.0865768 0.0198483 
-0.424874 0.707108 -3.27643 -0.846463 0.507057 -3.36642 
0.0727178 -0.14176 0.23038 -0.161013 -0.118936 0.00206351 
-0.42262 0.700656 -3.27534 -0.856164 0.508511 -3.43131 
0.0728428 -0.157817 0.23967 -0.147172 -0.141262 -0.0132489 
-0.418084 0.695113 -3.27277 -0.866914 0.51487 -3.49307 
0.0712363 -0.163943 0.244981 -0.158185 -0.11317 -0.0272038 
-0.411998 0.693113 -3.27337 -0.877266 0.519683 -3.55412 
0.0745871 -0.164684 0.247961 -0.156783 -0.104421 -0.0373862 
-0.406353 0.69506 -3.27783 -0.890794 0.523207 -3.61634 
0.076359 -0.167579 0.254273 -0.156095 -0.0923333 -0.0449388 
-0.399298 0.699732 -3.28259 -0.89868 0.559275 -3.66412 
0.0849143 -0.155968 0.244586 -0.151443 -0.0839729 -0.0548532 
-0.393251 0.705829 -3.28461 -0.911756 0.584913 -3.72078 
0.0871962 -0.153476 0.249067 -0.145204 -0.0843228 -0.0616083 
-0.386163 0.716046 -3.28088 -0.925327 0.609585 -3.76745 
0.0847591 -0.156741 0.255388 -0.14025 -0.0838889 -0.0641708 
-0.380668 0.730457 -3.267 -0.935379 0.62987 -3.80215 
0.0899302 -0.154156 0.253544 -0.136777 -0.0407722 -0.0867453 
-0.379413 0.749569 -3.24403 -0.944392 0.667411 -3.82088 
0.0913705 -0.151216 0.252195 -0.10974 -0.0894967 -0.125844 
-0.384143 0.776603 -3.2125 -0.959773 0.704145 -3.85175 
0.0918266 -0.15174 0.255332 -0.0919721 -0.107581 -0.143774 
-0.398988 0.807641 -3.16849 -0.977121 0.73887 -3.87731 
0.0932702 -0.156402 0.26995 -0.0780652 -0.112842 -0.151442 
-0.421586 0.840895 -3.11406 -0.989865 0.781252 -3.88819 
0.0944429 -0.158751 0.287887 -0.0618266 -0.11121 -0.154278 
-0.450996 0.881959 -3.0584 -1.00444 0.834179 -3.89806 
0.0987949 -0.157625 0.299472 -0.0793717 -0.0922539 -0.118077 
-0.486223 0.926121 -3.00542 -1.02155 0.891998 -3.91007 
0.105467 -0.1394 0.277462 -0.087144 -0.101006 -0.100853 
-0.521861 0.972316 -2.95588 -1.04457 0.957402 -3.94508 
0.106226 -0.0945547 0.276353 -0.0607141 0.289351 0.242892 
-0.57013 1.03034 -2.90537 -1.06839 1.07646 -3.96774 
0.106605 -0.0721321 0.275799 -0.0474992 0.484529 0.414765 
-0.594265 1.05936 -2.88011 -1.08031 1.13599 -3.97907 
0.108805 -0.0541483 0.27496 -0.0464436 0.594824 0.524171 
-0.616631 1.08255 -2.86312 -1.10812 1.17096 -4.01462 
0.0967199 -0.0617447 0.294503 -0.0542315 0.709858 0.657302 
-0.63224 1.09304 -2.84563 -1.1376 1.20122 -4.02421 
0.0873389 -0.0729448 0.312387 -0.0643436 0.75866 0.727161 
-0.636217 1.09206 -2.83752 -1.15252 1.21963 -4.02641 
0.0872048 -0.0704114 0.311639 -0.0686091 0.77388 0.76461 
-0.633466 1.0841 -2.84124 -1.148 1.2814 -3.99578 
0.0773324 -0.0593101 0.299052 -0.071066 0.722538 0.698743 
-0.618199 1.07146 -2.84959 -1.14442 1.32121 -3.97328 
0.0710794 -0.0599102 0.290649 -0.0769699 0.729625 0.736523 
-0.59458 1.05042 -2.8678 -1.15139 1.35643 -3.95651 
0.0665933 -0.0527169 0.277954 -0.0862889 0.721852 0.740893 
-0.562681 1.02452 -2.88766 -1.15265 1.40916 -3.92682 
0.0600768 -0.0537925 0.254223 -0.0958499 0.694093 0.736663 
-0.517625 0.99672 -2.91553 -1.09087 1.60139 -3.76621 
0.0659628 -0.0342432 0.254333 -0.0905763 0.671851 0.75561 
-0.471195 0.959284 -2.93939 -1.05883 1.7182 -3.65973 
0.0571222 0.0923661 0.23489 -0.0792889 0.656013 0.660427 
-0.42471 0.929711 -2.97123 -1.05543 1.8257 -3.6027 
0.0517046 0.201294 0.202132 -0.0800577 0.632985 0.705125 
-0.378829 0.911101 -3.01461 -1.03846 1.89389 -3.53797 
0.0297722 0.202723 0.298423 -0.0745837 0.605017 0.604413 
-0.340866 0.899169 -3.05718 -1.02101 1.94437 -3.47024 
0.0465983 0.170649 0.239719 -0.0713078 0.588189 0.673109 
-0.308983 0.893821 -3.09737 -1.01299 1.99305 -3.40877 
0.0457375 0.181165 0.300616 -0.0722611 0.571634 0.700719 
-0.285669 0.892093 -3.13175 -0.994109 2.02551 -3.34165 
0.0450729 0.180857 0.340159 -0.0699989 0.554164 0.718639 
-0.269759 0.8891 -3.1577 -0.97553 2.05627 -3.27379 
0.0469276 0.181574 0.361794 -0.0707362 0.539994 0.729406 
-0.261374 0.886912 -3.17292 -0.956348 2.08401 -3.2077 
-0.0226305 0.34241 0.523784 -0.0724274 0.526318 0.733024 
-0.258268 0.884128 -3.18205 -0.933678 2.10527 -3.13954 
-0.0545714 0.410059 0.616467 -0.0754557 0.505408 0.734938 
-0.260148 0.880636 -3.18271 -0.909934 2.11975 -3.06836 
-0.0698333 0.436757 0.649873 -0.0419429 0.543138 0.77386 
-0.266605 0.876933 -3.1754 -0.884861 2.12498 -2.99853 
-0.00974178 0.368697 0.610754 -0.0203553 0.556324 0.814267 
-0.274867 0.872469 -3.15791 -0.864725 2.13678 -2.92896 
0.0124326 0.358795 0.581636 -0.00977284 0.562445 0.832679 
-0.285632 0.86647 -3.13589 -0.844984 2.14113 -2.8579 
0.00168884 0.347757 0.474527 0.0145967 0.575296 0.866815 
-0.297473 0.86273 -3.10697 -0.825602 2.14188 -2.78363 
-0.00368303 0.342238 0.420972 0.0267814 0.581721 0.883883 
-0.303393 0.86086 -3.09251 -0.815911 2.14226 -2.7465 
-0.00350869 0.339603 0.392459 0.0268549 0.584877 0.883991 
-0.317043 0.862357 -3.04881 -0.793295 2.13069 -2.64691 
0.00492096 0.34094 0.377321 0.026883 0.585993 0.884256 
-0.327744 0.863402 -3.01115 -0.771912 2.11221 -2.55717 
0.0316826 0.374789 0.377981 -0.00197023 0.593157 0.858819 
-0.334549 0.863989 -2.97724 -0.750983 2.08864 -2.4722 
-0.00825346 0.312701 0.514122 -0.0161502 0.596466 0.846055 
-0.339021 0.863594 -2.94752 -0.733308 2.06913 -2.38694 
-0.019592 0.282817 0.570513 -0.0226397 0.599337 0.839133 
-0.340389 0.864036 -2.923 -0.714331 2.04147 -2.30857 
-0.0192863 0.265264 0.577072 0.00231874 0.599357 0.759877 
-0.341442 0.871701 -2.90511 -0.696467 2.00896 -2.2385 
-0.0218764 0.23292 0.581854 0.00736439 0.591632 0.708328 
-0.341308 0.867262 -2.8924 -0.680015 1.97912 -2.16938 
-0.0267697 0.198948 0.593393 0.00832903 0.586276 0.670449 
-0.340096 0.867342 -2.8807 -0.66306 1.94455 -2.10467 
-0.0224209 0.185166 0.60802 0.00989366 0.584687 0.649533 
-0.339414 0.865469 -2.8711 -0.647569 1.90809 -2.04731 
-0.0224846 0.186003 0.621205 0.0105391 0.582572 0.635542 
-0.338635 0.866228 -2.8637 -0.632405 1.87082 -1.99565 
-0.019311 0.183417 0.611915 -0.0123121 0.597334 0.603658 
-0.33829 0.872599 -2.85111 -0.616692 1.83056 -1.94689 
0.0153142 0.286443 0.504503 -0.0233375 0.602085 0.588199 
-0.338277 0.868397 -2.84516 -0.600451 1.78949 -1.90582 
0.0269054 0.337609 0.452294 -0.0430973 0.711729 0.522883 
-0.33674 0.867873 -2.83624 -0.584675 1.74827 -1.86597 
0.0902152 0.339359 0.377686 -0.0448025 0.767606 0.5074 
-0.334725 0.879943 -2.81949 -0.569289 1.70884 -1.83326 
0.116636 0.331505 0.369696 0.00588751 0.818074 0.458035 
-0.33314 0.89204 -2.80203 -0.553257 1.6646 -1.81013 
0.132824 0.334549 0.340352 0.0192249 0.818596 0.436588 
-0.329551 0.911682 -2.7799 -0.538387 1.62218 -1.7917 
0.12284 0.328508 0.363994 0.0311501 0.783448 0.448966 
-0.334335 0.96081 -2.76555 -0.52365 1.58027 -1.77995 
0.114051 0.388922 0.334904 0.0435632 0.74708 0.47529 
-0.330699 0.968134 -2.7439 -0.509537 1.53951 -1.76905 
0.123769 0.365495 0.337353 0.0507377 0.702418 0.498057 
-0.330416 0.978281 -2.72236 -0.495638 1.49776 -1.76251 
0.0146886 0.392016 0.447089 0.0608631 0.65874 0.519997 
-0.320328 0.999352 -2.71085 -0.482302 1.45402 -1.76198 
-0.0322028 0.411156 0.495252 0.0583327 0.619215 0.532907 
-0.305698 0.988172 -2.72315 -0.470644 1.41088 -1.76512 
-0.0490094 0.413646 0.50895 0.0462973 0.579641 0.537742 
-0.312871 0.996333 -2.68391 -0.45997 1.36806 -1.77252 
-0.025964 0.415827 0.508028 0.0427105 0.547823 0.541081 
-0.319654 1.00462 -2.65187 -0.452283 1.32597 -1.78385 
-0.00106722 0.443789 0.523057 0.00402176 0.527372 0.532367 
-0.339008 1.00093 -2.62767 -0.447091 1.28421 -1.8024 
0.0100047 0.430713 0.525666 -0.00381613 0.493498 0.542619 
-0.352742 1.0084 -2.60767 -0.443594 1.24164 -1.82677 
-0.00219536 0.432378 0.525889 0.0498763 0.453291 0.51905 
-0.365491 1.01296 -2.59369 -0.439387 1.19748 -1.84841 
-0.0391124 0.427602 0.51831 0.0249059 0.491209 0.448662 
-0.37953 1.01539 -2.57713 -0.437817 1.15474 -1.87936 
0.0350512 0.374074 0.492936 0.00597185 0.492285 0.421543 
-0.37869 1.03239 -2.56137 -0.440861 1.11827 -1.92053 
0.110158 0.348323 0.467326 -0.00899947 0.488294 0.411839 
-0.381937 1.04626 -2.54646 -0.449696 1.0925 -1.97751 
0.17609 0.333809 0.461966 -0.0266361 0.444053 0.356573 
-0.403497 1.05586 -2.53949 -0.457338 1.06758 -2.04129 
0.216987 0.303831 0.455467 -0.14009 0.358915 0.40423 
-0.409379 1.07064 -2.52369 -0.461543 1.04605 -2.10901 
0.278799 0.307605 0.43596 -0.222245 0.301552 0.424398 
-0.407567 1.08682 -2.51275 -0.463972 1.0305 -2.17774 
0.330501 0.304737 0.407746 -0.302464 0.254408 0.410597 
-0.418321 1.10445 -2.50977 -0.465494 1.02438 -2.25015 
0.373459 0.333958 0.372447 -0.36103 0.205223 0.382877 
-0.452487 1.0744 -2.45191 -0.4734 1.03139 -2.32243 
0.407419 0.353732 0.345875 -0.397059 0.156186 0.347609 
-0.471337 1.06839 -2.45873 -0.488847 1.04566 -2.38968 
0.432633 0.380893 0.305625 -0.414845 0.111303 0.287515 
-0.487706 1.07361 -2.49412 -0.506084 1.06448 -2.45331 
0.453525 0.406398 0.270519 -0.419663 0.0863431 0.215754 
-0.498513 1.09292 -2.54567 -0.514077 1.0795 -2.51603 
0.466857 0.431773 0.233946 -0.41606 0.0682723 0.144537 
-0.512925 1.10824 -2.59238 -0.528601 1.0965 -2.57013 
0.446726 0.480963 0.199033 -0.403008 0.057695 0.0934839 
-0.530474 1.12436 -2.63647 -0.549957 1.11711 -2.61864 
0.436661 0.505558 0.181577 -0.396482 0.0524064 0.0679574 
-0.539249 1.13241 -2.65851 -0.560635 1.12741 -2.6429 
0.421322 0.520007 0.170571 -0.360085 0.00526243 0.0458319 
-0.552327 1.15129 -2.71149 -0.580786 1.14739 -2.69391 
0.394876 0.544504 0.158056 -0.333487 -0.0424066 0.0315614 
-0.563755 1.1653 -2.75443 -0.597745 1.16447 -2.73606 
0.381653 0.556753 0.151798 -0.320188 -0.066241 0.024426 
-0.569469 1.17231 -2.7759 -0.606225 1.17301 -2.75713 
0.369629 0.601223 0.138275 -0.311436 -0.0917195 0.0100656 
-0.59044 1.18639 -2.81043 -0.618508 1.1888 -2.79729 
0.364851 0.607453 0.128833 -0.303778 -0.128162 0.0206456 
-0.587602 1.20546 -2.8473 -0.625914 1.20237 -2.83175 
0.384693 0.577086 0.132321 -0.264584 -0.21154 0.0382903 
-0.594324 1.21607 -2.87127 -0.633833 1.21239 -2.85605 
0.362098 0.629626 0.0890741 -0.266735 -0.204571 0.0243964 
-0.619649 1.22589 -2.88665 -0.645499 1.22478 -2.87872 
0.34888 0.658045 0.0761986 -0.257626 -0.232338 0.042752 
-0.63406 1.23391 -2.90656 -0.650546 1.23716 -2.90556 
0.336547 0.674295 0.064352 -0.249377 -0.262206 0.0775504 
-0.637967 1.24697 -2.93371 -0.652566 1.24806 -2.93323 
0.321475 0.691923 0.0493011 -0.245749 -0.277678 0.114547 
-0.626288 1.26125 -2.9578 -0.658943 1.25751 -2.95673 
0.321245 0.696868 0.0174258 -0.214851 -0.24968 0.142959 
-0.594807 1.28281 -2.99084 -0.670987 1.26686 -2.97952 
0.362248 0.501685 0.100023 -0.183372 -0.252287 0.224511 
-0.579159 1.29147 -3.03812 -0.674477 1.27399 -3.02911 
0.38275 0.404094 0.141321 -0.167633 -0.253591 0.265287 
-0.571336 1.2958 -3.06176 -0.676222 1.27756 -3.05391 
0.402636 0.314597 0.185732 -0.128371 -0.255958 0.325158 
-0.560257 1.29547 -3.08377 -0.677384 1.27381 -3.07235 
0.416332 0.270965 0.204168 -0.0465661 -0.258989 0.338299 
-0.54732 1.30017 -3.10462 -0.678868 1.26757 -3.09209 
0.423525 0.257056 0.206051 0.00384563 -0.271021 0.341223 
-0.548601 1.31417 -3.1269 -0.655106 1.25629 -3.11738 
0.453978 0.281419 0.187354 0.027022 -0.233382 0.405632 
-0.566363 1.29601 -3.22798 -0.727054 1.25334 -3.10389 
0.451911 0.269809 0.170221 0.0496404 -0.203588 0.447769 
-0.581357 1.27965 -3.31081 -0.743251 1.22442 -3.10411 
0.264235 0.113991 0.174217 0.0677034 -0.165505 0.489541 
-0.59325 1.26702 -3.38072 -0.803708 1.21694 -3.11096 
0.166087 0.0323882 0.179291 0.1058 -0.161282 0.552714 
-0.594375 1.2591 -3.44443 -0.848792 1.1955 -3.11523 
0.118073 -0.02115 0.1882 0.134493 -0.112991 0.584036 
-0.578004 1.30562 -3.47454 -0.896844 1.17911 -3.14449 
0.162379 -0.0232148 0.391936 0.15825 -0.0550957 0.593278 
-0.56648 1.35759 -3.5016 -0.945254 1.16584 -3.18793 
0.201272 0.00629193 0.507439 0.204659 -0.0153154 0.606824 
-0.570299 1.39459 -3.55355 -0.988673 1.156 -3.237 
0.24642 0.0309426 0.558587 0.209163 0.0419191 0.586274 
-0.377925 1.49844 -3.57686 -1.02815 1.14899 -3.29177 
0.271095 0.0763165 0.572519 0.22346 0.0924858 0.571531 
-0.272897 1.54095 -3.6463 -1.06334 1.14766 -3.34458 
0.283432 0.0990034 0.579485 0.230609 0.117769 0.56416 
-0.220382 1.5622 -3.68102 -1.08093 1.147 -3.37098 
0.383267 0.127811 0.60714 0.277427 0.154401 0.562541 
-0.176157 1.58074 -3.77021 -1.11868 1.1591 -3.43354 
0.427831 0.170163 0.616346 0.284303 0.195291 0.555714 
-0.158307 1.591 -3.84734 -1.14739 1.18195 -3.49996 
0.454977 0.217507 0.616497 0.312388 0.233947 0.556362 
-0.146032 1.59991 -3.90623 -1.15999 1.20435 -3.54512 
0.47189 0.264875 0.609321 0.310138 0.273039 0.54654 
-0.14128 1.60477 -3.95307 -1.16965 1.23232 -3.601 
0.482818 0.310095 0.595012 0.309423 0.306844 0.532446 
-0.140833 1.59722 -3.97754 -1.16435 1.26402 -3.64558 
0.493338 0.352731 0.579952 0.321744 0.338771 0.520022 
-0.14114 1.62195 -4.02047 -1.15577 1.29736 -3.68288 
0.50512 0.389485 0.563944 0.325077 0.364121 0.504478 
-0.135853 1.616 -4.03952 -1.15007 1.33478 -3.72285 
0.518899 0.427727 0.546832 0.335248 0.391428 0.488234 
-0.130833 1.6218 -4.05693 -1.15904 1.36952 -3.76645 
0.527336 0.461995 0.528974 0.426302 0.444882 0.496577 
-0.137105 1.65021 -4.09099 -1.16624 1.40688 -3.80887 
0.534917 0.489907 0.507962 0.477678 0.478573 0.48852 
-0.140702 1.67838 -4.12402 -1.16684 1.44857 -3.84666 
0.541849 0.517508 0.489338 0.417269 0.476297 0.455981 
-0.141563 1.70269 -4.14635 -1.16773 1.49146 -3.8889 
0.529219 0.543811 0.464869 0.388624 0.487326 0.43096 
-0.137892 1.73505 -4.17184 -1.17025 1.53905 -3.93693 
0.522839 0.569592 0.440942 0.373025 0.502163 0.409315 
-0.134969 1.7589 -4.18001 -1.16607 1.58368 -3.97135 
0.513252 0.590503 0.417888 0.442771 0.561599 0.404079 
-0.136801 1.78333 -4.18208 -1.15218 1.62964 -3.99522 
0.507741 0.615192 0.395497 0.48367 0.607547 0.390142 
-0.145681 1.8018 -4.18209 -1.10987 1.67291 -4.00381 
0.505581 0.643833 0.37348 0.423555 0.59319 0.362518 
-0.157931 1.83191 -4.18101 -1.08838 1.71863 -4.02074 
0.504501 0.658154 0.362471 0.393497 0.586011 0.348706 
-0.164056 1.84697 -4.18047 -1.07764 1.74149 -4.0292 
0.499818 0.675489 0.346223 0.380187 0.591401 0.335028 
-0.102784 1.87842 -4.13153 -1.04459 1.76139 -4.01756 
0.502068 0.708531 0.3211 0.372438 0.607882 0.314124 
-0.159044 1.91708 -4.154 -1.01265 1.81547 -4.02159 
0.498982 0.733183 0.301651 0.371934 0.624349 0.297323 
-0.187825 1.96879 -4.15144 -0.996815 1.87193 -4.03689 
0.489775 0.752214 0.281754 0.369248 0.638632 0.2811 
-0.220555 1.9748 -4.13954 -0.961853 1.90796 -4.02621 
0.47836 0.765048 0.262486 0.366622 0.653151 0.264731 
-0.252473 1.97528 -4.11945 -0.925772 1.9271 -3.99784 
0.486963 0.806331 0.242572 0.359986 0.664134 0.248866 
-0.284424 2.00922 -4.11674 -0.897736 1.95254 -3.97844 
0.485282 0.836909 0.225263 0.355929 0.677929 0.234692 
-0.311669 2.02978 -4.10192 -0.876172 1.99138 -3.9659 
0.462089 0.838444 0.211002 0.352709 0.691597 0.220853 
-0.343831 2.05412 -4.08522 -0.855428 2.02255 -3.94932 
0.448337 0.846313 0.199842 0.349134 0.702767 0.212454 
-0.374485 2.08393 -4.07182 -0.831274 2.04809 -3.9281 
0.438888 0.862408 0.186306 0.344185 0.710852 0.200662 
-0.405751 2.1033 -4.05739 -0.80715 2.0761 -3.91434 
0.437313 0.891928 0.167874 0.337418 0.719867 0.189687 
-0.438419 2.11195 -4.02768 -0.783702 2.11136 -3.89377 
0.42579 0.910623 0.153012 0.333978 0.739325 0.179115 
-0.47845 2.12957 -4.01063 -0.756093 2.15031 -3.8835 
0.399647 0.902654 0.146254 0.327213 0.750916 0.170658 
-0.507684 2.12507 -3.97797 -0.721304 2.17043 -3.87571 
0.382329 0.910285 0.1369 0.320196 0.763203 0.162811 
-0.531994 2.11627 -3.94546 -0.686549 2.17613 -3.87534 
0.364382 0.914472 0.130299 0.177373 0.704952 0.209741 
-0.491351 2.15197 -3.97364 -0.661204 2.16521 -3.86725 
0.343581 0.921737 0.121256 0.0455345 0.624885 0.239352 
-0.540005 2.12197 -3.90782 -0.652151 2.15821 -3.84726 
0.318761 0.903424 0.119976 0.00619739 0.58607 0.251765 
-0.562113 2.10157 -3.86668 -0.649033 2.14455 -3.83368 
0.297702 0.922198 0.110032 -0.030603 0.568947 0.257933 
-0.568627 2.08667 -3.84069 -0.646439 2.14162 -3.83046 
0.275842 0.939594 0.0994558 -0.0456116 0.567861 0.261174 
-0.61188 2.11367 -3.83784 -0.653318 2.13953 -3.83235 
0.26016 0.939703 0.0954468 -0.0649286 0.56767 0.256394 
-0.636953 2.13604 -3.84094 -0.686165 2.1197 -3.82534 
0.24567 0.92895 0.0942841 -0.0683351 0.572552 0.252069 
-0.615768 2.14777 -3.83443 -0.703383 2.12705 -3.83173 
0.233359 0.918811 0.0950449 -0.0651323 0.567699 0.247245 
-0.598028 2.16496 -3.81653 -0.720619 2.1282 -3.83724 
0.214459 0.920828 0.0887256 -0.061088 0.570279 0.24187 
-0.575385 2.16447 -3.78001 -0.741209 2.13337 -3.85651 
0.205011 0.916897 0.0855601 0.111522 0.641548 0.183999 
-0.551555 2.15653 -3.73079 -0.759647 2.1304 -3.87687 
0.197284 0.912582 0.0764306 0.204206 0.676486 0.151159 
-0.529401 2.14384 -3.67511 -0.779015 2.13276 -3.90363 
0.21757 0.884816 0.078522 0.259091 0.691453 0.130558 
-0.526031 2.14855 -3.63847 -0.796616 2.14012 -3.94897 
0.226618 0.867792 0.0724208 0.291753 0.703635 0.116009 
-0.527787 2.1514 -3.58783 -0.807353 2.13441 -3.97734 
0.239353 0.850817 0.0671318 -0.146842 0.560766 0.213291 
-0.534692 2.15744 -3.54277 -0.811512 2.13276 -4.02739 
0.253428 0.831777 0.0575628 -0.37598 0.492584 0.229496 
-0.548012 2.15583 -3.49221 -0.801112 2.11835 -4.06105 
0.279209 0.806325 0.0429795 -0.492152 0.460385 0.200867 
-0.569238 2.15159 -3.4416 -0.781602 2.09157 -4.06976 
0.305973 0.781512 0.0199652 -0.551267 0.445964 0.144324 
-0.598871 2.16754 -3.39656 -0.797564 2.12403 -4.01715 
0.343318 0.746863 0.00469065 -0.574965 0.438034 0.0710897 
-0.630107 2.16608 -3.34227 -0.756811 1.92148 -3.86559 
0.35759 0.718472 -0.0213277 -0.586988 0.438411 -0.00959826 
-0.665141 2.15443 -3.28813 -0.743759 1.79428 -3.75732 
0.371258 0.679959 -0.025393 -0.580968 0.435273 -0.0874438 
-0.70634 2.14966 -3.2424 -0.740962 1.72884 -3.6987 
0.360316 0.666575 -0.0356135 -0.55992 0.429197 -0.170845 
-0.750186 2.1314 -3.19785 -0.752671 1.69478 -3.65677 
0.429843 0.588621 -0.00332642 -0.527249 0.428914 -0.246631 
-0.800469 2.12037 -3.15977 -0.760986 1.67499 -3.63093 
0.480625 0.51843 0.0374286 -0.47512 0.420738 -0.319539 
-0.856271 2.11301 -3.12035 -0.772239 1.65922 -3.60991 
0.508781 0.460782 0.0874958 -0.422282 0.409599 -0.396332 
-0.90727 2.07764 -3.09781 -0.781511 1.65145 -3.59561 
0.518618 0.404401 0.145179 -0.371266 0.390587 -0.478014 
-0.959517 2.05038 -3.07596 -0.788357 1.64231 -3.58091 
0.517551 0.36105 0.202059 -0.297648 0.374731 -0.526395 
-1.00915 2.02283 -3.05422 -0.738382 1.6947 -3.55067 
0.491842 0.341043 0.272017 -0.221327 0.358638 -0.571443 
-1.05257 1.99853 -3.05068 -0.713002 1.72006 -3.53462 
0.457016 0.310666 0.342261 -0.157075 0.33192 -0.629937 
-1.09543 1.96355 -3.05242 -0.706087 1.72779 -3.52577 
0.439602 0.295478 0.377382 -0.124949 0.318562 -0.659184 
-1.11685 1.94606 -3.05329 -0.702629 1.73166 -3.52134 
0.348008 0.313869 0.455693 -0.0427251 0.302569 -0.720138 
-1.15117 1.8929 -3.07444 -0.954453 1.7788 -3.3071 
0.222363 0.360687 0.519959 -0.0528266 0.178199 -0.602416 
-1.18402 1.85296 -3.10218 -1.10451 1.7883 -3.21599 
0.141249 0.402029 0.567818 -0.0359259 0.132377 -0.54213 
-1.21777 1.812 -3.12439 -1.18535 1.7729 -3.1804 
0.0596355 0.433714 0.604651 -0.000561893 0.11854 -0.493082 
-1.24362 1.76391 -3.1495 -1.24013 1.74427 -3.17526 
-0.0392712 0.452624 0.604601 0.0299305 0.0889503 -0.463227 
-1.25259 1.7209 -3.17875 -1.27407 1.70932 -3.18835 
-0.113656 0.464747 0.552761 0.0407364 0.051107 -0.464524 
-1.25798 1.68303 -3.2076 -1.28871 1.6732 -3.21249 
-0.217428 0.508487 0.541297 -6.9797e-05 0.0609018 -0.41989 
-1.26302 1.65012 -3.2399 -1.29819 1.63887 -3.24476 
-0.269314 0.530356 0.535565 -0.0204729 0.0657992 -0.397574 
-1.26554 1.63366 -3.25605 -1.30292 1.62171 -3.2609 
-0.295257 0.541291 0.532699 -0.0306745 0.0682479 -0.386415 
-1.2668 1.62543 -3.26412 -1.30529 1.61312 -3.26897 
-0.308228 0.546759 0.531266 -0.0357752 0.0694723 -0.380836 
-1.26743 1.62132 -3.26816 -1.30647 1.60883 -3.27301 
-0.0724334 0.446609 0.250064 -0.0559421 0.0229155 -0.393383 
-1.26129 1.56095 -3.30808 -1.29831 1.55038 -3.31888 
0.0561517 0.384326 0.106229 -0.0617853 -0.0124696 -0.403335 
-1.25398 1.52244 -3.32561 -1.28972 1.51015 -3.33972 
0.124107 0.3559 0.0485096 -0.0217686 -0.0294425 -0.412452 
-1.23596 1.49864 -3.33145 -1.28143 1.48506 -3.35194 
0.165852 0.349304 0.00921154 0.0126382 0.00638777 -0.395688 
-1.23997 1.47804 -3.33273 -1.2784 1.46875 -3.35126 
0.186725 0.346006 -0.0104377 0.0298415 0.024303 -0.387306 
-1.24197 1.46773 -3.33337 -1.27689 1.46059 -3.35092 
0.462354 0.317072 -0.0497808 0.0394436 0.0342668 -0.379583 
-1.21029 1.46989 -3.30671 -1.27666 1.45697 -3.34335 
0.39296 0.353653 0.0464334 0.0429656 0.0390511 -0.37463 
-1.21241 1.47352 -3.30171 -1.27596 1.45869 -3.3333 
0.358621 0.35297 0.0925286 0.0410994 0.043901 -0.369383 
-1.24071 1.47051 -3.29888 -1.28224 1.45645 -3.32002 
0.573345 0.347018 0.0462518 0.0372843 0.0433077 -0.366029 
-1.24963 1.46414 -3.27362 -1.27739 1.45334 -3.28611 
0.662302 0.340057 0.0420828 0.0176971 0.0396919 -0.365064 
-1.25472 1.47039 -3.26172 -1.28904 1.45784 -3.27403 
0.700785 0.348096 0.059468 0.00999266 0.0372295 -0.363777 
-1.25505 1.46792 -3.22893 -1.30209 1.4549 -3.24225 
0.765486 0.368356 0.0742295 -0.01195 0.0319631 -0.379824 
-1.2501 1.46615 -3.19323 -1.31102 1.44942 -3.20345 
0.761035 0.387806 0.106834 -0.0234988 0.0280186 -0.389058 
-1.28288 1.45361 -3.16198 -1.31725 1.44504 -3.16742 
0.757078 0.411358 0.138098 -0.0774872 0.191025 -0.377435 
-1.29663 1.44682 -3.12697 -1.31594 1.44012 -3.12934 
0.773234 0.44305 0.166535 -0.101021 0.270587 -0.376131 
-1.29635 1.4417 -3.09225 -1.3095 1.42897 -3.09119 
0.777657 0.479114 0.195833 -0.111561 0.307278 -0.378434 
-1.29598 1.43029 -3.06018 -1.31332 1.41824 -3.05831 
0.748376 0.510128 0.225009 -0.115181 0.322991 -0.388075 
-1.28195 1.41227 -3.02136 -1.27242 1.41569 -3.0257 
0.75259 0.55337 0.251523 -0.117024 0.329117 -0.400455 
-1.28388 1.3887 -2.98431 -1.27743 1.38957 -2.98663 
0.688036 0.571376 0.270028 -0.11653 0.328541 -0.412318 
-1.27407 1.36507 -2.95032 -1.27229 1.36373 -2.95054 
0.681851 0.611079 0.293415 -0.11386 0.320041 -0.434329 
-1.25684 1.34005 -2.91662 -1.25638 1.3368 -2.91604 
0.673298 0.648488 0.310872 -0.109587 0.313178 -0.447728 
-1.23512 1.30758 -2.88609 -1.23236 1.30658 -2.88678 
0.660595 0.688715 0.328754 -0.107516 0.306658 -0.457868 
-1.20395 1.26911 -2.85023 -1.19576 1.2732 -2.85318 
0.645739 0.720581 0.343167 -0.0962553 0.297132 -0.467117 
-1.16564 1.2391 -2.81783 -1.1542 1.24041 -2.82276 
0.614826 0.745819 0.353132 -0.0890865 0.289502 -0.47482 
-1.13096 1.21099 -2.79059 -1.10881 1.20917 -2.79826 
0.58458 0.772057 0.36089 -0.084575 0.283675 -0.481689 
-1.09047 1.19435 -2.77438 -1.05873 1.18081 -2.77789 
0.553196 0.798509 0.363091 -0.0819885 0.278542 -0.487634 
-1.01931 1.17961 -2.77937 -1.01413 1.15533 -2.7693 
0.527626 0.831502 0.366907 -0.0825662 0.268551 -0.50052 
-0.970774 1.16041 -2.77396 -0.967947 1.12907 -2.76166 
0.502593 0.866494 0.36872 -0.0838919 0.261922 -0.509358 
-0.916281 1.12797 -2.77598 -0.926091 1.10264 -2.76081 
0.478731 0.903839 0.364334 -0.0848159 0.257967 -0.512515 
-0.882723 1.0931 -2.76862 -0.884796 1.08174 -2.76366 
0.437395 0.910928 0.345913 -0.0885473 0.254602 -0.514641 
-0.852043 1.07038 -2.77023 -0.850561 1.06513 -2.77001 
0.399076 0.922864 0.332145 -0.095603 0.249269 -0.518387 
-0.820472 1.05805 -2.77814 -0.963379 1.10184 -2.90774 
0.365169 0.968515 0.326154 -0.10174 0.242492 -0.523348 
-0.795338 1.03637 -2.78836 -0.969168 1.16238 -3.00838 
0.348216 0.991341 0.323159 -0.104808 0.239104 -0.525828 
-0.782771 1.02553 -2.79347 -0.972062 1.19265 -3.0587 
0.285726 1.00256 0.294773 -0.116476 0.228317 -0.535269 
-0.759702 1.01292 -2.80867 -0.938966 1.2335 -3.13131 
0.221286 0.983628 0.256944 -0.141003 0.217102 -0.549533 
-0.746175 1.00695 -2.8219 -0.918878 1.26249 -3.16117 
0.175112 0.953281 0.227427 -0.152193 0.20158 -0.554935 
-0.737216 1.00498 -2.83474 -0.907976 1.27872 -3.16639 
0.109742 0.975946 0.209388 -0.164206 0.186238 -0.558866 
-0.735813 0.999257 -2.84382 -1.20378 1.36252 -3.31458 
0.0502163 0.976026 0.188137 -0.175352 0.168056 -0.558981 
-0.740972 0.993424 -2.85418 -1.35855 1.42635 -3.3976 
0.0137609 0.938647 0.165045 -0.180364 0.145932 -0.555897 
-0.750387 0.993868 -2.86456 -1.43797 1.47962 -3.43931 
-0.0381334 0.91245 0.147473 -0.186216 0.127249 -0.549006 
-0.760948 0.993766 -2.87628 -1.46877 1.53812 -3.46931 
-0.109099 0.919372 0.147483 -0.192031 0.112095 -0.471979 
-0.769964 0.994617 -2.88677 -1.48461 1.57931 -3.46049 
-0.144582 0.922833 0.147488 -0.194939 0.104519 -0.433465 
-0.774471 0.995043 -2.89201 -1.49252 1.59991 -3.45608 
-0.175001 0.876902 0.152726 -0.245239 0.0500572 -0.292421 
-0.784635 0.990318 -2.90725 -1.50129 1.66835 -3.44718 
-0.228296 0.836481 0.165378 -0.280695 -0.01463 -0.204381 
-0.789821 0.985448 -2.91825 -1.49198 1.71778 -3.40795 
-0.163727 0.376684 0.127019 -0.309877 -0.0761567 -0.141207 
-0.790807 0.983204 -2.93305 -1.49053 1.78094 -3.40347 
-0.167386 0.299307 0.134227 -0.3396 -0.110012 -0.0794773 
-0.78216 0.976033 -2.94859 -1.46153 1.85019 -3.35446 
-0.169215 0.260619 0.137831 -0.354461 -0.126939 -0.0486124 
-0.777836 0.972448 -2.95635 -1.44703 1.88481 -3.32996 
-0.173373 0.249244 0.146085 -0.361737 -0.135609 -0.0212345 
-0.765318 0.972471 -2.96548 -1.42954 1.92431 -3.30543 
-0.169426 0.265345 0.176986 -0.368142 -0.147826 0.0151908 
-0.754741 0.968426 -2.9715 -1.38516 1.94441 -3.26386 
-0.182014 0.248265 0.206741 -0.377789 -0.163562 0.0605698 
-0.743812 0.962396 -2.977 -1.36104 1.98998 -3.23455 
-0.0799445 0.0320872 0.244247 -0.386569 -0.18774 0.0976186 
-0.732266 0.955507 -2.98332 -1.32335 2.02959 -3.20096 
-0.0264941 -0.0675929 0.278547 -0.396982 -0.201219 0.120995 
-0.721094 0.947891 -2.98819 -1.28311 2.07107 -3.17103 
-0.000542641 -0.128416 0.304756 -0.405735 -0.222925 0.135813 
-0.711418 0.939059 -2.99521 -1.22763 2.09708 -3.14436 
-0.0139104 -0.177507 0.342982 -0.421136 -0.245007 0.155571 
-0.702205 0.926649 -2.99974 -1.16674 2.12132 -3.12037 
-0.0164814 -0.184044 0.362327 -0.441832 -0.27552 0.171835 
-0.69181 0.915228 -3.00682 -1.09779 2.12804 -3.09603 
-0.00247532 -0.169676 0.386049 -0.44559 -0.292292 0.19343 
-0.68203 0.906231 -3.01248 -1.02935 2.152 -3.07567 
0.00910634 -0.147504 0.415726 -0.451238 -0.294785 0.218171 
-0.67584 0.889252 -3.00916 -0.955438 2.1649 -3.05707 
0.0250545 -0.129898 0.430578 -0.460543 -0.299771 0.228724 
-0.672996 0.868943 -3.00793 -0.874096 2.16405 -3.03848 
0.0233702 -0.119724 0.441432 -0.467942 -0.291941 0.244203 
-0.669633 0.854847 -3.01171 -0.788134 2.15293 -3.02028 
0.0321268 -0.106094 0.463681 -0.482895 -0.294755 0.262798 
-0.666839 0.837625 -3.01455 -0.693401 2.13983 -2.99602 
0.0355444 -0.0977172 0.474957 -0.515766 -0.305634 0.278286 
-0.649733 0.871824 -3.07685 -0.612649 2.07474 -2.98932 
0.0315346 -0.0610292 0.464722 -0.543901 -0.291196 0.277627 
-0.646609 0.865073 -3.09072 -0.537775 1.98984 -2.97363 
0.0360005 -0.0749629 0.445168 -0.554568 -0.27821 0.282138 
-0.643519 0.859486 -3.10977 -0.465627 1.89259 -2.95732 
-0.0353084 -0.104181 0.527055 -0.558657 -0.251873 0.283513 
-0.64209 0.846798 -3.12088 -0.408125 1.77986 -2.94016 
-0.0449644 -0.127152 0.560304 -0.572005 -0.24459 0.287645 
-0.637226 0.839645 -3.14162 -0.377303 1.65693 -2.92383 
-0.021159 -0.138562 0.565653 -0.598925 -0.269358 0.290021 
-0.63886 0.802117 -3.13823 -0.335319 1.52639 -2.912 
0.0212632 -0.165858 0.552165 -0.610173 -0.280155 0.289512 
-0.638603 0.747641 -3.11495 -0.337149 1.40419 -2.89824 
0.0764102 -0.159953 0.536403 -0.613733 -0.288141 0.286867 
-0.629483 0.721711 -3.13141 -0.402352 1.31309 -2.86995 
0.136676 -0.128245 0.526049 -0.61146 -0.297013 0.282507 
-0.621932 0.651507 -3.11071 -0.435402 1.21054 -2.85408 
0.182864 -0.0660327 0.50771 -0.606801 -0.31704 0.273635 
-0.60991 0.611816 -3.12296 -0.500233 1.13815 -2.84287 
0.219995 0.000109643 0.475455 -0.599104 -0.33057 0.263633 
-0.589769 0.557434 -3.13178 -0.514488 1.03437 -2.84851 
0.244828 0.0701133 0.436516 -0.591274 -0.338327 0.256398 
-0.565156 0.510639 -3.15075 -0.54503 0.945274 -2.85276 
0.262307 0.138816 0.391618 -0.577477 -0.349642 0.245255 
-0.538759 0.461433 -3.1761 -0.531598 0.818021 -2.88442 
0.26563 0.207752 0.348064 -0.566086 -0.356704 0.236565 
-0.50989 0.418385 -3.20548 -0.564951 0.73961 -2.89771 
0.265164 0.269956 0.307913 -0.551673 -0.367909 0.22906 
-0.485412 0.39085 -3.24018 -0.560727 0.624388 -2.9402 
0.264931 0.301057 0.287837 -0.544467 -0.373511 0.225308 
-0.473173 0.377083 -3.25753 -0.558615 0.566777 -2.96144 
0.242626 0.37592 0.249209 -0.531846 -0.384623 0.220503 
-0.460332 0.34406 -3.29133 -0.606462 0.480818 -2.98645 
0.23838 0.449482 0.217614 -0.497338 -0.383207 0.215302 
-0.462528 0.345321 -3.31545 -0.665665 0.418517 -2.99741 
0.213277 0.514038 0.196709 -0.478472 -0.383148 0.211554 
-0.464881 0.324374 -3.33694 -0.723872 0.366137 -3.00431 
0.178377 0.571782 0.178895 -0.468134 -0.38452 0.21005 
-0.468158 0.310809 -3.35809 -0.784878 0.329718 -3.01043 
0.141247 0.622366 0.163671 -0.462458 -0.38771 0.208125 
-0.458686 0.278328 -3.37262 -0.852323 0.308032 -3.01779 
0.102797 0.665844 0.151653 -0.455369 -0.390337 0.203335 
-0.431162 0.232982 -3.38524 -0.915842 0.281804 -3.03476 
0.0654985 0.68659 0.135733 -0.449077 -0.416241 0.191797 
-0.408925 0.210183 -3.39503 -0.984034 0.286727 -3.04834 
0.0255963 0.716097 0.113911 -0.444707 -0.423137 0.171871 
-0.38678 0.200733 -3.40322 -1.04862 0.310071 -3.06236 
-0.0202115 0.741054 0.0916965 -0.447625 -0.429256 0.150628 
-0.357772 0.189989 -3.40904 -1.11393 0.333043 -3.09435 
-0.0678493 0.760642 0.0771675 -0.453821 -0.436544 0.136754 
-0.338555 0.195477 -3.40825 -1.17698 0.364645 -3.1334 
-0.112365 0.779539 0.0688562 -0.458834 -0.440393 0.128736 
-0.326345 0.184694 -3.41022 -1.2388 0.399206 -3.1746 
-0.134623 0.788987 0.0647006 -0.461341 -0.442318 0.124728 
-0.32024 0.179303 -3.41121 -1.26971 0.416487 -3.1952 
-0.185702 0.8085 0.0620599 -0.463482 -0.443563 0.120046 
-0.315395 0.169859 -3.41296 -1.31716 0.498048 -3.25779 
-0.226052 0.826667 0.0620553 -0.464772 -0.444483 0.118523 
-0.31169 0.168107 -3.41477 -1.34218 0.57883 -3.31498 
-0.265859 0.830266 0.0651765 -0.46438 -0.443956 0.115664 
-0.304008 0.164829 -3.41545 -1.34874 0.650379 -3.35413 
-0.300404 0.831131 0.0705628 -0.464438 -0.445253 0.114186 
-0.320809 0.186368 -3.4177 -1.34296 0.71801 -3.39283 
-0.329894 0.829507 0.0739455 -0.465291 -0.44615 0.113769 
-0.32718 0.191095 -3.41991 -1.32735 0.77758 -3.42756 
-0.355757 0.829001 0.0762606 -0.466158 -0.447549 0.113215 
-0.326618 0.17997 -3.4223 -1.29582 0.83318 -3.4518 
-0.376955 0.82831 0.0787599 -0.46748 -0.447829 0.113467 
-0.32579 0.174018 -3.42235 -1.26768 0.876532 -3.4649 
-0.393728 0.824511 0.0815284 -0.468037 -0.449199 0.112898 
-0.315811 0.167319 -3.42259 -1.23374 0.919551 -3.47857 
-0.408912 0.832275 0.0787201 -0.468623 -0.450666 0.113392 
-0.292431 0.165365 -3.4199 -1.21015 0.957874 -3.48884 
-0.421972 0.837448 0.0763431 -0.468024 -0.451797 0.11317 
-0.281111 0.166088 -3.41964 -1.17492 0.995828 -3.48362 
-0.433109 0.836803 0.0749891 -0.468684 -0.45126 0.113288 
-0.278491 0.165189 -3.42128 -1.15149 1.03609 -3.49085 
-0.442882 0.838554 0.0758178 -0.46929 -0.451396 0.114814 
-0.273284 0.164374 -3.42184 -1.11997 1.07478 -3.49153 
-0.451775 0.835738 0.0771096 -0.471044 -0.452749 0.116701 
-0.275684 0.159911 -3.42062 -1.08975 1.11296 -3.48607 
-0.456221 0.83433 0.0777557 -0.471922 -0.453425 0.117644 
-0.276884 0.157679 -3.42 -1.07463 1.13205 -3.48334 
-0.459384 0.837154 0.0806406 -0.475531 -0.450469 0.123799 
-0.277813 0.159143 -3.41893 -1.03772 1.18471 -3.49573 
-0.460966 0.838566 0.0820827 -0.477336 -0.448991 0.126877 
-0.278277 0.159875 -3.4184 -1.01927 1.21104 -3.50193 
-0.459704 0.843053 0.0858574 -0.47222 -0.427979 0.126016 
-0.281333 0.15886 -3.41842 -0.975111 1.25885 -3.49826 
-0.455525 0.850677 0.0896578 -0.482178 -0.431594 0.134568 
-0.282876 0.159199 -3.41911 -0.941539 1.30095 -3.50484 
-0.44705 0.854325 0.094192 -0.490906 -0.430432 0.14211 
-0.280676 0.159679 -3.42133 -0.904854 1.33791 -3.51261 
-0.443139 0.860878 0.0984426 -0.50245 -0.425397 0.146748 
-0.279902 0.159195 -3.42215 -0.864313 1.36736 -3.51257 
-0.432923 0.857318 0.106017 -0.504226 -0.401804 0.14582 
-0.27951 0.158289 -3.42064 -0.832918 1.40062 -3.51683 
-0.422132 0.848902 0.110067 -0.518075 -0.407941 0.149519 
-0.277474 0.158646 -3.42148 -0.798024 1.42269 -3.51158 
-0.404503 0.858666 0.115732 -0.527859 -0.403905 0.155368 
-0.277447 0.158633 -3.41899 -0.770068 1.44338 -3.50506 
-0.383407 0.858795 0.128121 -0.541572 -0.395776 0.166324 
-0.283411 0.161945 -3.41962 -0.742637 1.4643 -3.50221 
-0.361019 0.866263 0.130209 -0.551492 -0.391117 0.171886 
-0.287148 0.163225 -3.41988 -0.720228 1.48832 -3.49994 
-0.342222 0.885201 0.130023 -0.564201 -0.391778 0.179564 
-0.286819 0.164276 -3.41719 -0.695441 1.50907 -3.4901 
-0.314483 0.897931 0.131765 -0.572411 -0.382017 0.185662 
-0.283084 0.161571 -3.41677 -0.666723 1.52512 -3.48206 
-0.284095 0.921803 0.1343 -0.588426 -0.369896 0.195838 
-0.280352 0.16054 -3.41707 -0.637646 1.54303 -3.47558 
-0.245918 0.933309 0.131278 -0.6022 -0.360781 0.204434 
-0.278827 0.160954 -3.41642 -0.603225 1.56141 -3.4727 
-0.203904 0.913167 0.129522 -0.621875 -0.361616 0.219686 
-0.277979 0.160209 -3.41606 -0.563683 1.5785 -3.47152 
-0.151384 0.900494 0.125626 -0.633054 -0.363192 0.229157 
-0.281583 0.159376 -3.41748 -0.519349 1.59169 -3.46664 
-0.0938398 0.888306 0.121652 -0.64626 -0.35705 0.238595 
-0.282588 0.158899 -3.4154 -0.469843 1.60396 -3.46577 
-0.0358155 0.872139 0.119941 -0.666427 -0.35173 0.251595 
-0.281189 0.159799 -3.41633 -0.41924 1.61065 -3.46576 
0.0229638 0.86285 0.114367 -0.684645 -0.340789 0.266209 
-0.282999 0.162062 -3.41469 -0.368253 1.61289 -3.46459 
0.0853775 0.849146 0.109533 -0.689843 -0.317257 0.278073 
-0.281794 0.164956 -3.41647 -0.31595 1.61374 -3.46249 
0.137416 0.817382 0.110904 -0.694573 -0.301512 0.28609 
-0.280103 0.16237 -3.41548 -0.261782 1.61086 -3.45665 
0.184351 0.767298 0.117718 -0.674404 -0.265836 0.28928 
-0.282019 0.16108 -3.41716 -0.205491 1.61686 -3.4494 
0.207818 0.742257 0.121125 -0.66432 -0.247999 0.290876 
-0.282977 0.160434 -3.41799 -0.177346 1.61986 -3.44578 
0.272122 0.701304 0.133019 -0.6363 -0.229643 0.284635 
-0.284395 0.159891 -3.41769 -0.100315 1.59463 -3.42293 
0.325547 0.655021 0.150474 -0.60777 -0.21626 0.279925 
-0.284136 0.16287 -3.41738 -0.0335826 1.57201 -3.40269 
0.374107 0.603792 0.173021 -0.578582 -0.207524 0.264463 
-0.288817 0.166864 -3.41839 0.0171753 1.54535 -3.38908 
0.405491 0.546053 0.194233 -0.557941 -0.196657 0.231988 
-0.290667 0.169999 -3.41784 0.0434153 1.51022 -3.3848 
0.434843 0.494326 0.213603 -0.545543 -0.164307 0.194082 
-0.291011 0.169168 -3.41829 0.0692065 1.50554 -3.38495 
0.464483 0.449493 0.236219 -0.538601 -0.118983 0.149832 
-0.290241 0.170467 -3.4156 0.0727045 1.51132 -3.39327 
0.496021 0.412259 0.259032 -0.538027 -0.0661857 0.101687 
-0.292256 0.172436 -3.41807 0.0544954 1.52482 -3.405 
0.514096 0.366633 0.278408 -0.535966 -0.00445873 0.052103 
-0.294004 0.173424 -3.41613 0.0251297 1.55466 -3.41862 
0.533572 0.325928 0.298797 -0.529866 0.0648562 0.00817108 
-0.295074 0.173841 -3.41728 -0.0377864 1.56477 -3.43184 
0.543309 0.305575 0.308992 -0.526817 0.0995138 -0.0137949 
-0.295608 0.174049 -3.41785 -0.0692444 1.56982 -3.43845 
0.557609 0.24355 0.331806 -0.509136 0.179191 -0.0530329 
-0.297291 0.175461 -3.41699 -0.16923 1.58844 -3.45111 
0.558513 0.197122 0.349717 -0.488154 0.262717 -0.0759652 
-0.29617 0.175002 -3.41948 -0.267257 1.60498 -3.47058 
0.552771 0.148195 0.365376 -0.471536 0.331411 -0.0911732 
-0.295869 0.174357 -3.41676 -0.366327 1.6083 -3.47776 
0.549333 0.103862 0.377959 -0.452866 0.39829 -0.0997667 
-0.295471 0.174977 -3.41681 -0.468227 1.60335 -3.48502 
0.551412 0.061096 0.392294 -0.430728 0.457268 -0.103909 
-0.291318 0.174158 -3.41513 -0.570285 1.58768 -3.48594 
0.553092 0.0250483 0.403106 -0.403725 0.517476 -0.106004 
-0.285367 0.177188 -3.41577 -0.669878 1.56056 -3.48805 
0.55368 -0.0117394 0.413538 -0.372165 0.573669 -0.0928583 
-0.278065 0.1784 -3.41665 -0.772238 1.52863 -3.49156 
0.547673 -0.047574 0.417871 -0.344981 0.627222 -0.0924518 
-0.27177 0.18243 -3.41816 -0.862394 1.48455 -3.48782 
0.518641 -0.0821086 0.413558 -0.316045 0.675182 -0.0797424 
-0.25725 0.177326 -3.42825 -0.943558 1.43603 -3.47988 
0.495948 -0.10776 0.403383 -0.284302 0.727763 -0.0671265 
-0.257063 0.223932 -3.4255 -1.0238 1.3972 -3.48704 
0.459148 -0.129229 0.382381 -0.257331 0.778645 -0.0593843 
-0.265825 0.267617 -3.42634 -1.08972 1.35395 -3.47753 
0.416569 -0.141163 0.353224 -0.22885 0.81927 -0.0381191 
-0.275449 0.293731 -3.44213 -1.15872 1.3161 -3.48174 
0.397396 -0.167446 0.330813 -0.200829 0.852825 -0.0113211 
-0.294136 0.334619 -3.44485 -1.20912 1.281 -3.47183 
0.368184 -0.190307 0.309963 -0.16438 0.859898 0.0252833 
-0.320674 0.381921 -3.44187 -1.25796 1.24846 -3.46164 
0.334689 -0.200847 0.285933 -0.149888 0.909892 0.0288992 
-0.343827 0.416979 -3.44752 -1.30426 1.21628 -3.4383 
0.29396 -0.21504 0.2632 -0.132195 0.922108 0.0471673 
-0.369564 0.452833 -3.45926 -1.35924 1.18407 -3.42217 
0.267874 -0.229206 0.232898 -0.121354 0.959375 0.055944 
-0.395939 0.502713 -3.46754 -1.40206 1.15969 -3.4006 
0.237828 -0.222985 0.198726 -0.115711 0.998624 0.058517 
-0.41694 0.566965 -3.46566 -1.45166 1.13347 -3.37962 
0.222804 -0.219874 0.18164 -0.112889 1.01825 0.059804 
-0.427441 0.599091 -3.46472 -1.47646 1.12036 -3.36913 
0.188464 -0.175092 0.142733 -0.0885913 1.04699 0.0741878 
-0.427236 0.682683 -3.48431 -1.5295 1.07914 -3.32548 
0.167354 -0.188394 0.124379 -0.0685273 1.03741 0.093533 
-0.430706 0.78205 -3.48093 -1.56552 1.04496 -3.28789 
0.171991 -0.187846 0.0945139 -0.0474663 1.02299 0.110851 
-0.419795 0.877253 -3.49134 -1.60101 1.01252 -3.2639 
0.17431 -0.187571 0.0795817 -0.0369359 1.01578 0.119511 
-0.41434 0.924855 -3.49655 -1.61876 0.996302 -3.25191 
0.174172 -0.183844 0.0624123 -0.0103728 0.998468 0.143041 
-0.411873 1.06233 -3.47671 -1.62899 0.952335 -3.20734 
0.172083 -0.201758 0.0570445 0.0135204 0.970373 0.165008 
-0.415095 1.18536 -3.46202 -1.62571 0.918061 -3.16912 
0.169998 -0.215209 0.0533478 0.0430127 0.964251 0.186652 
-0.426659 1.29787 -3.44265 -1.62279 0.886728 -3.13999 
0.166649 -0.230863 0.057003 0.0726162 0.945948 0.205947 
-0.439022 1.40564 -3.42859 -1.61662 0.857669 -3.11019 
0.161192 -0.236936 0.0603712 0.104087 0.925087 0.22213 
-0.477395 1.50544 -3.38796 -1.60232 0.833995 -3.08768 
0.156811 -0.181685 0.0542319 0.135962 0.893011 0.241526 
-0.509647 1.59878 -3.35998 -1.57952 0.814736 -3.0652 
0.149555 -0.21075 0.0718906 0.164383 0.851569 0.252921 
-0.544158 1.68443 -3.32844 -1.55787 0.79612 -3.0455 
0.145683 -0.225549 0.0929835 0.214229 0.806565 0.271696 
-0.574293 1.76515 -3.30873 -1.52996 0.784266 -3.02646 
0.143771 -0.224811 0.116128 0.250366 0.744414 0.28293 
-0.598028 1.84006 -3.29461 -1.51106 0.770353 -3.01603 
0.129321 -0.2143 0.14456 0.266042 0.684872 0.292058 
-0.636849 1.90071 -3.26645 -1.48863 0.758405 -3.00762 
0.12266 -0.184731 0.188097 0.26473 0.642358 0.304238 
-0.663375 1.96359 -3.25493 -1.46093 0.747988 -3.00003 
0.114548 -0.14486 0.227026 0.241908 0.606894 0.312713 
-0.697257 2.00733 -3.22961 -1.42463 0.749255 -2.98909 
0.100719 -0.0920094 0.270451 0.188297 0.611387 0.329956 
-0.7134 2.06398 -3.21814 -1.39066 0.751946 -2.98995 
0.0920554 -0.043926 0.301166 0.172715 0.577224 0.346779 
-0.734949 2.10499 -3.20948 -1.35563 0.75027 -2.98786 
0.0941234 -0.000648975 0.319104 0.164958 0.572274 0.400252 
-0.763695 2.13273 -3.17871 -1.3159 0.765822 -2.99051 
0.121969 0.0417058 0.322169 0.159939 0.573792 0.430442 
-0.788468 2.16678 -3.15173 -1.28317 0.783296 -3.00108 
0.145314 0.0822968 0.328649 0.104246 0.527856 0.42387 
-0.820728 2.18654 -3.1263 -1.25308 0.79127 -3.01203 
0.161141 0.109553 0.331102 0.0680541 0.478506 0.423051 
-0.849482 2.1981 -3.10008 -1.22587 0.797652 -3.02315 
0.180893 0.12703 0.329445 0.0556518 0.432734 0.415317 
-0.876928 2.20594 -3.07683 -1.20223 0.80014 -3.03601 
0.19904 0.141718 0.325372 0.0174621 0.396059 0.405161 
-0.901487 2.20361 -3.05152 -1.18104 0.808129 -3.03924 
0.230771 0.147884 0.31067 -0.0157298 0.360204 0.387039 
-0.926803 2.19425 -3.03758 -1.16599 0.817768 -3.05328 
0.284654 0.14795 0.287129 -0.0692561 0.338351 0.372618 
-0.947064 2.17196 -3.02561 -1.15427 0.826754 -3.06202 
0.344808 0.1504 0.267821 -0.134013 0.322322 0.371547 
-0.959229 2.13602 -3.02449 -1.14761 0.83623 -3.07309 
0.393668 0.157671 0.241958 -0.20573 0.311386 0.363732 
-0.963665 2.10331 -3.02905 -1.14578 0.848006 -3.08605 
0.439803 0.181619 0.213505 -0.271677 0.296084 0.342138 
-0.954674 2.07278 -3.04247 -1.14635 0.859623 -3.09579 
0.476603 0.210054 0.187816 -0.355321 0.310316 0.305596 
-0.908553 2.0254 -3.04589 -1.14924 0.875575 -3.10995 
0.505737 0.255989 0.156145 -0.423714 0.333723 0.251617 
-0.891089 2.0038 -3.0707 -1.1532 0.888294 -3.12241 
0.530672 0.293444 0.12999 -0.481063 0.340571 0.198973 
-0.863741 1.98162 -3.09652 -1.15472 0.899153 -3.12863 
0.547745 0.334397 0.106838 -0.532697 0.339296 0.142786 
-0.816924 1.93112 -3.1039 -1.15494 0.909709 -3.13973 
0.560962 0.369131 0.0911117 -0.540246 0.373018 0.0732338 
-0.801952 1.88099 -3.11584 -1.15254 0.920699 -3.1512 
0.565323 0.41183 0.0809565 -0.55748 0.387049 0.00875998 
-0.781736 1.84013 -3.12657 -1.14804 0.930088 -3.1627 
0.566135 0.447927 0.0802283 -0.54591 0.401927 -0.0432799 
-0.742905 1.77647 -3.13095 -1.14206 0.943133 -3.17637 
0.557559 0.495569 0.0822773 -0.54614 0.409884 -0.0941658 
-0.731152 1.66486 -3.12656 -1.13334 0.950443 -3.1854 
0.548718 0.534222 0.090024 -0.557907 0.402746 -0.145649 
-0.758984 1.59198 -3.11851 -1.12442 0.960257 -3.19366 
0.544298 0.553548 0.0938973 -0.563791 0.399178 -0.171391 
-0.7729 1.55554 -3.11449 -1.11996 0.965164 -3.19779 
0.509359 0.614369 0.104336 -0.583274 0.380226 -0.225085 
-0.75221 1.51389 -3.10416 -1.10633 0.976797 -3.19796 
0.491754 0.663644 0.122723 -0.601566 0.368968 -0.266467 
-0.738679 1.48789 -3.10147 -1.09441 0.986294 -3.19579 
0.466423 0.707295 0.134906 -0.573406 0.358137 -0.288272 
-0.747016 1.42958 -3.10674 -1.08805 0.996974 -3.20186 
0.440986 0.742504 0.146857 -0.556234 0.337265 -0.309322 
-0.745913 1.40201 -3.11237 -1.08073 1.00917 -3.20352 
0.413972 0.774478 0.156996 -0.555934 0.309534 -0.333355 
-0.63766 1.43936 -3.14765 -1.07705 1.02902 -3.21531 
0.400465 0.790465 0.162065 -0.555784 0.295669 -0.345371 
-0.583534 1.45803 -3.16529 -1.07521 1.03895 -3.2212 
0.366985 0.827264 0.196617 -0.531154 0.252626 -0.319805 
-0.568202 1.44158 -3.25482 -1.07853 1.06251 -3.24235 
0.350246 0.845664 0.213892 -0.518839 0.231104 -0.307022 
-0.560537 1.43336 -3.29958 -1.0802 1.07429 -3.25293 
0.301756 0.883088 0.222048 -0.526193 0.197673 -0.306961 
-0.570777 1.35637 -3.2256 -1.09242 1.09771 -3.279 
0.265498 0.917776 0.231848 -0.523562 0.170353 -0.298957 
-0.574051 1.27439 -3.20162 -1.10669 1.11729 -3.30547 
0.233226 0.943622 0.231561 -0.524158 0.136681 -0.297891 
-0.525661 1.25021 -3.17063 -1.1238 1.14015 -3.33226 
0.25878 0.657569 0.203798 -0.367742 0.0303277 -0.0477331 
-0.440017 1.11025 -3.21936 -0.933712 1.03425 -3.26323 
0.274068 0.512004 0.176754 -0.286424 -0.0258033 0.0642276 
-0.396042 1.03774 -3.24343 -0.839453 0.979697 -3.22767 
0.231334 0.215791 0.128038 -0.241927 -0.0509612 0.0833786 
-0.375228 1.00111 -3.25405 -0.791578 0.951467 -3.2071 
0.216166 0.0669866 0.096648 -0.219079 -0.0663989 0.0925536 
-0.364541 0.98137 -3.25861 -0.767244 0.935849 -3.19589 
0.215164 -0.00725847 0.0769587 -0.206735 -0.0717025 0.0969625 
-0.359275 0.970807 -3.26059 -0.755739 0.928669 -3.19098 
0.218933 -0.0474502 0.0631213 -0.19904 -0.0743215 0.0983834 
-0.356785 0.966326 -3.26101 -0.748554 0.926208 -3.19121 
0.229048 -0.0653844 0.0517235 -0.195807 -0.078817 0.0977859 
-0.356169 0.964029 -3.26064 -0.745034 0.923416 -3.18629 
0.243142 -0.0724974 0.0402775 -0.19213 -0.0782452 0.0976286 
-0.355106 0.965249 -3.26285 -0.744624 0.920378 -3.1867 
0.258087 -0.0766578 0.0285344 -0.190062 -0.0790444 0.0968757 
-0.355396 0.963218 -3.26159 -0.74396 0.919504 -3.18789 
0.276051 -0.0786063 0.0169458 -0.186879 -0.0887806 0.0968757 
-0.354162 0.963497 -3.2624 -0.743877 0.918287 -3.18601 
0.297783 -0.0754852 0.000990868 -0.184538 -0.0954219 0.0970874 
-0.354376 0.961245 -3.26061 -0.743612 0.920119 -3.18557 
0.321839 -0.0668982 -0.0232491 -0.182536 -0.0984335 0.0956678 
-0.354646 0.963057 -3.26122 -0.744048 0.91907 -3.18471 
0.34391 -0.0536118 -0.0486274 -0.180997 -0.0854517 0.0946708 
-0.354561 0.962413 -3.26122 -0.742169 0.918005 -3.18225 
0.365921 -0.0342103 -0.0805497 -0.180127 -0.0805832 0.0927515 
-0.354516 0.959947 -3.26083 -0.742453 0.917402 -3.18233 
0.384498 -0.00178403 -0.112791 -0.179599 -0.0766085 0.0918834 
-0.354578 0.961573 -3.26077 -0.744398 0.91684 -3.18076 
0.398933 0.0301754 -0.148913 -0.178764 -0.0743555 0.0915723 
-0.354235 0.962936 -3.26129 -0.743457 0.916847 -3.17999 
0.40838 0.0650574 -0.187287 -0.177673 -0.0741981 0.0917706 
-0.353652 0.961815 -3.26145 -0.744097 0.915447 -3.18028 
0.411332 0.103242 -0.229726 -0.178029 -0.0720671 0.0910168 
-0.352908 0.962911 -3.25955 -0.744386 0.916797 -3.179 
0.404581 0.148102 -0.263052 -0.178729 -0.0699667 0.0924191 
-0.353183 0.962366 -3.25822 -0.745228 0.916492 -3.17822 
0.390816 0.196284 -0.297937 -0.178358 -0.0665644 0.0921586 
-0.353888 0.961605 -3.25632 -0.744707 0.914077 -3.17504 
0.370396 0.234879 -0.329757 -0.178011 -0.0597072 0.0925026 
-0.353496 0.964071 -3.25851 -0.744111 0.914593 -3.17934 
